====================================================================================================
TABLA RESUMEN DE RESULTADOS - SIMULADOR: ORCA
====================================================================================================


N = 10G iteraciones
----------------------------------------------------------------------------------------------------
Threads    Tiempo (s)      Speedup      Eficiencia (%)     Error          
----------------------------------------------------------------------------------------------------
2          11.713205       1.00         50.00              2.780e-13      
4          11.766196       1.00         24.89              2.935e-13      
8          11.917659       0.98         12.29              1.230e-13      
16         12.164904       0.96         6.02               5.196e-14      
32         12.586218       0.93         2.91               2.798e-14      
64         14.288729       0.82         1.28               2.665e-15      
128        28.393565       0.41         0.32               3.109e-15      
256        26.427418       0.44         0.17               7.550e-15      


N = 20G iteraciones
----------------------------------------------------------------------------------------------------
Threads    Tiempo (s)      Speedup      Eficiencia (%)     Error          
----------------------------------------------------------------------------------------------------
2          23.359586       1.00         50.00              1.110e-12      
4          23.427812       1.00         24.93              5.063e-14      
8          23.691533       0.99         12.32              2.980e-13      
16         24.157361       0.97         6.04               2.620e-14      
32         24.623409       0.95         2.96               8.571e-14      
64         27.534255       0.85         1.33               2.887e-14      
128        55.067604       0.42         0.33               3.020e-14      
256        52.432415       0.45         0.17               1.821e-14      


N = 40G iteraciones
----------------------------------------------------------------------------------------------------
Threads    Tiempo (s)      Speedup      Eficiencia (%)     Error          
----------------------------------------------------------------------------------------------------
2          46.694361       1.00         50.00              2.187e-12      
4          46.759661       1.00         24.97              6.033e-12      
8          47.418003       0.98         12.31              7.359e-13      
16         48.262256       0.97         6.05               1.932e-13      
32         48.951379       0.95         2.98               6.191e-13      
64         54.020003       0.86         1.35               3.326e-13      
128        108.300572      0.43         0.34               1.434e-13      
256        105.495821      0.44         0.17               1.732e-14      


N = 60G iteraciones
----------------------------------------------------------------------------------------------------
Threads    Tiempo (s)      Speedup      Eficiencia (%)     Error          
----------------------------------------------------------------------------------------------------
2          70.058372       1.00         50.00              2.963e-12      
4          70.157627       1.00         24.96              5.394e-12      
8          71.056334       0.99         12.32              2.487e-13      
16         72.522090       0.97         6.04               6.875e-13      
32         73.583612       0.95         2.98               9.770e-14      
64         80.703120       0.87         1.36               2.913e-13      
128        162.420466      0.43         0.34               3.642e-14      
256        158.819935      0.44         0.17               3.553e-15      

