========================================================================================================================
COMPARACIÓN ROQUER VS ORCA - SIMULACIONES PARALELAS
========================================================================================================================


N = 10G
------------------------------------------------------------------------------------------------------------------------
Threads   ORCA (s)           ORCA Speedup      ROQUER (s)         ROQUER Speedup    Diferencia %      
------------------------------------------------------------------------------------------------------------------------
2         5.856220           1.00              19.679392          1.00              -70.24            
4         2.940774           1.99              10.324348          1.91              -71.52            
8         1.495886           3.91              7.817601           2.52              -80.87            
16        0.765511           7.65              7.031257           2.80              -89.11            
32        0.399820           14.65             6.914048           2.85              -94.22            
64        0.338046           17.32             6.876088           2.86              -95.08            
128       0.235563           24.86             6.883313           2.86              -96.58            
256       0.239544           24.45             6.875872           2.86              -96.52            


N = 20G
------------------------------------------------------------------------------------------------------------------------
Threads   ORCA (s)           ORCA Speedup      ROQUER (s)         ROQUER Speedup    Diferencia %      
------------------------------------------------------------------------------------------------------------------------
2         11.688803          1.00              39.313614          1.00              -70.27            
4         5.862245           1.99              20.622788          1.91              -71.57            
8         2.963367           3.94              15.486943          2.54              -80.87            
16        1.513542           7.72              13.970846          2.81              -89.17            
32        0.786310           14.87             13.862998          2.84              -94.33            
64        0.443033           26.38             13.761360          2.86              -96.78            
128       0.446363           26.19             13.748687          2.86              -96.75            
256       0.459425           25.44             13.774897          2.85              -96.66            


N = 40G
------------------------------------------------------------------------------------------------------------------------
Threads   ORCA (s)           ORCA Speedup      ROQUER (s)         ROQUER Speedup    Diferencia %      
------------------------------------------------------------------------------------------------------------------------
2         23.361576          1.00              78.597296          1.00              -70.28            
4         11.698243          2.00              41.207414          1.91              -71.61            
8         5.918621           3.95              30.976138          2.54              -80.89            
16        3.031173           7.71              27.689385          2.84              -89.05            
32        1.538777           15.18             27.571370          2.85              -94.42            
64        0.876430           26.66             27.509183          2.86              -96.81            
128       0.963123           24.26             27.495156          2.86              -96.50            
256       0.935607           24.97             27.521727          2.86              -96.60            


N = 60G
------------------------------------------------------------------------------------------------------------------------
Threads   ORCA (s)           ORCA Speedup      ROQUER (s)         ROQUER Speedup    Diferencia %      
------------------------------------------------------------------------------------------------------------------------
2         35.036838          1.00              117.897531         1.00              -70.28            
4         17.575220          1.99              61.806889          1.91              -71.56            
8         8.894900           3.94              46.416523          2.54              -80.84            
16        4.537843           7.72              41.613593          2.83              -89.10            
32        2.314547           15.14             41.419535          2.85              -94.41            
64        1.302436           26.90             41.246727          2.86              -96.84            
128       1.304741           26.85             41.247444          2.86              -96.84            
256       1.392980           25.15             41.261576          2.86              -96.62            

