====================================================================================================
TABLA RESUMEN DE RESULTADOS - SIMULADOR: ROQUER
====================================================================================================


N = 10G iteraciones
----------------------------------------------------------------------------------------------------
Threads    Tiempo (s)      Speedup      Eficiencia (%)     Error          
----------------------------------------------------------------------------------------------------
2          19.679392       1.00         50.00              2.780e-13      
4          10.324348       1.91         47.65              2.935e-13      
8          7.817601        2.52         31.47              1.230e-13      
16         7.031257        2.80         17.49              5.196e-14      
32         6.914048        2.85         8.89               2.798e-14      
64         6.876088        2.86         4.47               2.665e-15      
128        6.883313        2.86         2.23               3.109e-15      
256        6.875872        2.86         1.12               7.550e-15      


N = 20G iteraciones
----------------------------------------------------------------------------------------------------
Threads    Tiempo (s)      Speedup      Eficiencia (%)     Error          
----------------------------------------------------------------------------------------------------
2          39.313614       1.00         50.00              1.110e-12      
4          20.622788       1.91         47.66              5.063e-14      
8          15.486943       2.54         31.73              2.980e-13      
16         13.970846       2.81         17.59              2.620e-14      
32         13.862998       2.84         8.86               8.571e-14      
64         13.761360       2.86         4.46               2.887e-14      
128        13.748687       2.86         2.23               3.020e-14      
256        13.774897       2.85         1.11               1.821e-14      


N = 40G iteraciones
----------------------------------------------------------------------------------------------------
Threads    Tiempo (s)      Speedup      Eficiencia (%)     Error          
----------------------------------------------------------------------------------------------------
2          78.597296       1.00         50.00              2.187e-12      
4          41.207414       1.91         47.68              6.033e-12      
8          30.976138       2.54         31.72              7.359e-13      
16         27.689385       2.84         17.74              1.932e-13      
32         27.571370       2.85         8.91               6.191e-13      
64         27.509183       2.86         4.46               3.326e-13      
128        27.495156       2.86         2.23               1.434e-13      
256        27.521727       2.86         1.12               1.732e-14      


N = 60G iteraciones
----------------------------------------------------------------------------------------------------
Threads    Tiempo (s)      Speedup      Eficiencia (%)     Error          
----------------------------------------------------------------------------------------------------
2          117.897531      1.00         50.00              2.963e-12      
4          61.806889       1.91         47.69              5.394e-12      
8          46.416523       2.54         31.75              2.487e-13      
16         41.613593       2.83         17.71              6.875e-13      
32         41.419535       2.85         8.90               9.770e-14      
64         41.246727       2.86         4.47               2.913e-13      
128        41.247444       2.86         2.23               3.642e-14      
256        41.261576       2.86         1.12               3.553e-15      

